<!-- Pairwise advantage matrix (row-col compliance, all data) | convention: win matrix | tier: measured -->

**Table 32. Pairwise advantage matrix (row-col compliance, all data)**

| arm | brief_graph_3hop | bm25 | tfidf | dense | hybrid_rrf | rerank_ce | raptor | none |
|---|---|---|---|---|---|---|---|---|
| brief_graph_3hop | +0.00 | +0.06 | +0.04 | +0.09 | +0.08 | +0.18 | +0.43 | +0.62 |
| bm25 | -0.06 | +0.00 | -0.02 | +0.03 | +0.02 | +0.12 | +0.37 | +0.56 |
| tfidf | -0.04 | +0.02 | +0.00 | +0.05 | +0.04 | +0.14 | +0.39 | +0.58 |
| dense | -0.09 | -0.03 | -0.05 | +0.00 | -0.01 | +0.09 | +0.34 | +0.53 |
| hybrid_rrf | -0.08 | -0.02 | -0.04 | +0.01 | +0.00 | +0.10 | +0.35 | +0.54 |
| rerank_ce | -0.18 | -0.12 | -0.14 | -0.09 | -0.10 | +0.00 | +0.25 | +0.44 |
| raptor | -0.43 | -0.37 | -0.39 | -0.34 | -0.35 | -0.25 | +0.00 | +0.19 |
| none | -0.62 | -0.56 | -0.58 | -0.53 | -0.54 | -0.44 | -0.19 | +0.00 |
